ePIC                                EICrecon                    
Etamin              Etamax         p (GeV/c) 	 Resol  #mum (Truth)   Resol #mum (Real)
-3.5                -2.5                 0.5                   0                   0
-3.5                -2.5                   1                   0             25.0043
-3.5                -2.5                   2             21.7388             82.6706
-3.5                -2.5                   5              38.857             34.5921
-3.5                -2.5                  10             71.4682             73.6764
-3.5                -2.5                  15              61.385             23.6063
ePIC                                EICrecon                    
Etamin              Etamax         p (GeV/c) 	 Resol  #mum (Truth)   Resol #mum (Real)
-2.5                  -1                 0.5             29.1702             50.9185
-2.5                  -1                   1             15.7346             40.2781
-2.5                  -1                   2             18.2262             16.3488
-2.5                  -1                   5             6.67529             6.10184
-2.5                  -1                  10             1.46204             2.14839
-2.5                  -1                  15             6.66939              6.2066
ePIC                                EICrecon                    
Etamin              Etamax         p (GeV/c) 	 Resol  #mum (Truth)   Resol #mum (Real)
-1                   1                 0.5             0.30716            0.243292
-1                   1                   1            0.384459            0.384459
-1                   1                   2             2.04609             2.06237
-1                   1                   5            0.159169            0.159169
-1                   1                  10             1.91093             1.95864
-1                   1                  15             2.10355             2.10355
ePIC                                EICrecon                    
Etamin              Etamax         p (GeV/c) 	 Resol  #mum (Truth)   Resol #mum (Real)
1                 2.5                 0.5             16.2182             3.66781
1                 2.5                   1              28.394             26.1975
1                 2.5                   2             8.46789             16.3226
1                 2.5                   5             5.70885             5.53773
1                 2.5                  10              3.6846              3.6846
1                 2.5                  15             17.8389             8.20841
ePIC                                EICrecon                    
Etamin              Etamax         p (GeV/c) 	 Resol  #mum (Truth)   Resol #mum (Real)
2.5                 3.5                 0.5                   0                   0
2.5                 3.5                   1             25.0043             25.0043
2.5                 3.5                   2             55.7122             52.7496
2.5                 3.5                   5             19.6802             47.2134
2.5                 3.5                  10             20.3909              24.161
2.5                 3.5                  15             34.8386             30.9662
ePIC                                EICrecon                    
Etamin              Etamax         p (GeV/c) 	 Resol  #mum (Truth)   Resol #mum (Real)
-3.5                -2.5                 0.5                   0                   0
-3.5                -2.5                   1                   0             25.0043
-3.5                -2.5                   2             21.7388             82.6706
-3.5                -2.5                   5              38.857             34.5921
-3.5                -2.5                  10             71.4682             73.6764
-3.5                -2.5                  15              61.385             23.6063
ePIC                                EICrecon                    
Etamin              Etamax         p (GeV/c) 	 Resol  #mum (Truth)   Resol #mum (Real)
-2.5                  -1                 0.5             29.1702             50.9185
-2.5                  -1                   1             15.7346             40.2781
-2.5                  -1                   2             18.2262             16.3488
-2.5                  -1                   5             6.67529             6.10184
-2.5                  -1                  10             1.46204             2.14839
-2.5                  -1                  15             6.66939              6.2066
ePIC                                EICrecon                    
Etamin              Etamax         p (GeV/c) 	 Resol  #mum (Truth)   Resol #mum (Real)
-1                   1                 0.5             0.30716            0.243292
-1                   1                   1            0.384459            0.384459
-1                   1                   2             2.04609             2.06237
-1                   1                   5            0.159169            0.159169
-1                   1                  10             1.91093             1.95864
-1                   1                  15             2.10355             2.10355
ePIC                                EICrecon                    
Etamin              Etamax         p (GeV/c) 	 Resol  #mum (Truth)   Resol #mum (Real)
1                 2.5                 0.5             16.2182             3.66781
1                 2.5                   1              28.394             26.1975
1                 2.5                   2             8.46789             16.3226
1                 2.5                   5             5.70885             5.53773
1                 2.5                  10              3.6846              3.6846
1                 2.5                  15             17.8389             8.20841
ePIC                                EICrecon                    
Etamin              Etamax         p (GeV/c) 	 Resol  #mum (Truth)   Resol #mum (Real)
2.5                 3.5                 0.5                   0                   0
2.5                 3.5                   1             25.0043             25.0043
2.5                 3.5                   2             55.7122             52.7496
2.5                 3.5                   5             19.6802             47.2134
2.5                 3.5                  10             20.3909              24.161
2.5                 3.5                  15             34.8386             30.9662
ePIC                                EICrecon                    
Etamin              Etamax         p (GeV/c) 	 Resol  #mum (Truth)   Resol #mum (Real)
-3.5                -2.5                 0.5                   0                   0
-3.5                -2.5                   1                   0             25.0043
-3.5                -2.5                   2             21.7388             82.6706
-3.5                -2.5                   5              38.857             34.5921
-3.5                -2.5                  10             71.4682             73.6764
-3.5                -2.5                  15              61.385             23.6063
ePIC                                EICrecon                    
Etamin              Etamax         p (GeV/c) 	 Resol  #mum (Truth)   Resol #mum (Real)
-2.5                  -1                 0.5             29.1702             50.9185
-2.5                  -1                   1             15.7346             40.2781
-2.5                  -1                   2             18.2262             16.3488
-2.5                  -1                   5             6.67529             6.10184
-2.5                  -1                  10             1.46204             2.14839
-2.5                  -1                  15             6.66939              6.2066
ePIC                                EICrecon                    
Etamin              Etamax         p (GeV/c) 	 Resol  #mum (Truth)   Resol #mum (Real)
-1                   1                 0.5             0.30716            0.243292
-1                   1                   1            0.384459            0.384459
-1                   1                   2             2.04609             2.06237
-1                   1                   5            0.159169            0.159169
-1                   1                  10             1.91093             1.95864
-1                   1                  15             2.10355             2.10355
ePIC                                EICrecon                    
Etamin              Etamax         p (GeV/c) 	 Resol  #mum (Truth)   Resol #mum (Real)
1                 2.5                 0.5             16.2182             3.66781
1                 2.5                   1              28.394             26.1975
1                 2.5                   2             8.46789             16.3226
1                 2.5                   5             5.70885             5.53773
1                 2.5                  10              3.6846              3.6846
1                 2.5                  15             17.8389             8.20841
ePIC                                EICrecon                    
Etamin              Etamax         p (GeV/c) 	 Resol  #mum (Truth)   Resol #mum (Real)
2.5                 3.5                 0.5                   0                   0
2.5                 3.5                   1             25.0043             25.0043
2.5                 3.5                   2             55.7122             52.7496
2.5                 3.5                   5             19.6802             47.2134
2.5                 3.5                  10             20.3909              24.161
2.5                 3.5                  15             34.8386             30.9662
ePIC                                EICrecon                    
Etamin              Etamax         p (GeV/c) 	 Resol  #mum (Truth)   Resol #mum (Real)
-3.5                -2.5                 0.5                   0                   0
-3.5                -2.5                   1                   0             25.0043
-3.5                -2.5                   2             21.7388             82.6706
-3.5                -2.5                   5              38.857             34.5921
-3.5                -2.5                  10             71.4682             73.6764
-3.5                -2.5                  15              61.385             23.6063
ePIC                                EICrecon                    
Etamin              Etamax         p (GeV/c) 	 Resol  #mum (Truth)   Resol #mum (Real)
-2.5                  -1                 0.5             29.1702             50.9185
-2.5                  -1                   1             15.7346             40.2781
-2.5                  -1                   2             18.2262             16.3488
-2.5                  -1                   5             6.67529             6.10184
-2.5                  -1                  10             1.46204             2.14839
-2.5                  -1                  15             6.66939              6.2066
ePIC                                EICrecon                    
Etamin              Etamax         p (GeV/c) 	 Resol  #mum (Truth)   Resol #mum (Real)
-1                   1                 0.5             0.30716            0.243292
-1                   1                   1            0.384459            0.384459
-1                   1                   2             2.04609             2.06237
-1                   1                   5            0.159169            0.159169
-1                   1                  10             1.91093             1.95864
-1                   1                  15             2.10355             2.10355
ePIC                                EICrecon                    
Etamin              Etamax         p (GeV/c) 	 Resol  #mum (Truth)   Resol #mum (Real)
1                 2.5                 0.5             16.2182             3.66781
1                 2.5                   1              28.394             26.1975
1                 2.5                   2             8.46789             16.3226
1                 2.5                   5             5.70885             5.53773
1                 2.5                  10              3.6846              3.6846
1                 2.5                  15             17.8389             8.20841
ePIC                                EICrecon                    
Etamin              Etamax         p (GeV/c) 	 Resol  #mum (Truth)   Resol #mum (Real)
2.5                 3.5                 0.5                   0                   0
2.5                 3.5                   1             25.0043             25.0043
2.5                 3.5                   2             55.7122             52.7496
2.5                 3.5                   5             19.6802             47.2134
2.5                 3.5                  10             20.3909              24.161
2.5                 3.5                  15             34.8386             30.9662
ePIC                                EICrecon                    
Etamin              Etamax         p (GeV/c) 	 Resol  #mum (Truth)   Resol #mum (Real)
-3.5                -2.5                 0.5                   0                   0
-3.5                -2.5                   1                   0             25.0043
-3.5                -2.5                   2             21.7388             82.6706
-3.5                -2.5                   5              38.857             34.5921
-3.5                -2.5                  10             71.4682             73.6764
-3.5                -2.5                  15              61.385             23.6063
ePIC                                EICrecon                    
Etamin              Etamax         p (GeV/c) 	 Resol  #mum (Truth)   Resol #mum (Real)
-2.5                  -1                 0.5             29.1702             50.9185
-2.5                  -1                   1             15.7346             40.2781
-2.5                  -1                   2             18.2262             16.3488
-2.5                  -1                   5             6.67529             6.10184
-2.5                  -1                  10             1.46204             2.14839
-2.5                  -1                  15             6.66939              6.2066
ePIC                                EICrecon                    
Etamin              Etamax         p (GeV/c) 	 Resol  #mum (Truth)   Resol #mum (Real)
-1                   1                 0.5             0.30716            0.243292
-1                   1                   1            0.384459            0.384459
-1                   1                   2             2.04609             2.06237
-1                   1                   5            0.159169            0.159169
-1                   1                  10             1.91093             1.95864
-1                   1                  15             2.10355             2.10355
ePIC                                EICrecon                    
Etamin              Etamax         p (GeV/c) 	 Resol  #mum (Truth)   Resol #mum (Real)
1                 2.5                 0.5             16.2182             3.66781
1                 2.5                   1              28.394             26.1975
1                 2.5                   2             8.46789             16.3226
1                 2.5                   5             5.70885             5.53773
1                 2.5                  10              3.6846              3.6846
1                 2.5                  15             17.8389             8.20841
ePIC                                EICrecon                    
Etamin              Etamax         p (GeV/c) 	 Resol  #mum (Truth)   Resol #mum (Real)
2.5                 3.5                 0.5                   0                   0
2.5                 3.5                   1             25.0043             25.0043
2.5                 3.5                   2             55.7122             52.7496
2.5                 3.5                   5             19.6802             47.2134
2.5                 3.5                  10             20.3909              24.161
2.5                 3.5                  15             34.8386             30.9662
ePIC                                EICrecon                    
Etamin              Etamax         p (GeV/c) 	 Resol  #mum (Truth)   Resol #mum (Real)
-3.5                -2.5                 0.5                   0                   0
-3.5                -2.5                   1                   0             25.0043
-3.5                -2.5                   2             21.7388             82.6706
-3.5                -2.5                   5              38.857             34.5921
-3.5                -2.5                  10             71.4682             73.6764
-3.5                -2.5                  15              61.385             23.6063
ePIC                                EICrecon                    
Etamin              Etamax         p (GeV/c) 	 Resol  #mum (Truth)   Resol #mum (Real)
-2.5                  -1                 0.5             29.1702             50.9185
-2.5                  -1                   1             15.7346             40.2781
-2.5                  -1                   2             18.2262             16.3488
-2.5                  -1                   5             6.67529             6.10184
-2.5                  -1                  10             1.46204             2.14839
-2.5                  -1                  15             6.66939              6.2066
ePIC                                EICrecon                    
Etamin              Etamax         p (GeV/c) 	 Resol  #mum (Truth)   Resol #mum (Real)
-1                   1                 0.5             0.30716            0.243292
-1                   1                   1            0.384459            0.384459
-1                   1                   2             2.04609             2.06237
-1                   1                   5            0.159169            0.159169
-1                   1                  10             1.91093             1.95864
-1                   1                  15             2.10355             2.10355
ePIC                                EICrecon                    
Etamin              Etamax         p (GeV/c) 	 Resol  #mum (Truth)   Resol #mum (Real)
1                 2.5                 0.5             16.2182             3.66781
1                 2.5                   1              28.394             26.1975
1                 2.5                   2             8.46789             16.3226
1                 2.5                   5             5.70885             5.53773
1                 2.5                  10              3.6846              3.6846
1                 2.5                  15             17.8389             8.20841
ePIC                                EICrecon                    
Etamin              Etamax         p (GeV/c) 	 Resol  #mum (Truth)   Resol #mum (Real)
2.5                 3.5                 0.5                   0                   0
2.5                 3.5                   1             25.0043             25.0043
2.5                 3.5                   2             55.7122             52.7496
2.5                 3.5                   5             19.6802             47.2134
2.5                 3.5                  10             20.3909              24.161
2.5                 3.5                  15             34.8386             30.9662
ePIC                                EICrecon                    
Etamin              Etamax         p (GeV/c) 	 Resol  #mum (Truth)   Resol #mum (Real)
-3.5                -2.5                 0.5                   0                   0
-3.5                -2.5                   1                   0             25.0043
-3.5                -2.5                   2             21.7388             82.6706
-3.5                -2.5                   5              38.857             34.5921
-3.5                -2.5                  10             71.4682             73.6764
-3.5                -2.5                  15              61.385             23.6063
ePIC                                EICrecon                    
Etamin              Etamax         p (GeV/c) 	 Resol  #mum (Truth)   Resol #mum (Real)
-2.5                  -1                 0.5             29.1702             50.9185
-2.5                  -1                   1             15.7346             40.2781
-2.5                  -1                   2             18.2262             16.3488
-2.5                  -1                   5             6.67529             6.10184
-2.5                  -1                  10             1.46204             2.14839
-2.5                  -1                  15             6.66939              6.2066
ePIC                                EICrecon                    
Etamin              Etamax         p (GeV/c) 	 Resol  #mum (Truth)   Resol #mum (Real)
-1                   1                 0.5             0.30716            0.243292
-1                   1                   1            0.384459            0.384459
-1                   1                   2             2.04609             2.06237
-1                   1                   5            0.159169            0.159169
-1                   1                  10             1.91093             1.95864
-1                   1                  15             2.10355             2.10355
ePIC                                EICrecon                    
Etamin              Etamax         p (GeV/c) 	 Resol  #mum (Truth)   Resol #mum (Real)
1                 2.5                 0.5             16.2182             3.66781
1                 2.5                   1              28.394             26.1975
1                 2.5                   2             8.46789             16.3226
1                 2.5                   5             5.70885             5.53773
1                 2.5                  10              3.6846              3.6846
1                 2.5                  15             17.8389             8.20841
ePIC                                EICrecon                    
Etamin              Etamax         p (GeV/c) 	 Resol  #mum (Truth)   Resol #mum (Real)
2.5                 3.5                 0.5                   0                   0
2.5                 3.5                   1             25.0043             25.0043
2.5                 3.5                   2             55.7122             52.7496
2.5                 3.5                   5             19.6802             47.2134
2.5                 3.5                  10             20.3909              24.161
2.5                 3.5                  15             34.8386             30.9662
ePIC                                EICrecon                    
Etamin              Etamax         p (GeV/c) 	 Resol  #mum (Truth)   Resol #mum (Real)
-3.5                -2.5                 0.5                   0                   0
-3.5                -2.5                   1                   0             25.0043
-3.5                -2.5                   2             21.7388             82.6706
-3.5                -2.5                   5              38.857             34.5921
-3.5                -2.5                  10             71.4682             73.6764
-3.5                -2.5                  15              61.385             23.6063
ePIC                                EICrecon                    
Etamin              Etamax         p (GeV/c) 	 Resol  #mum (Truth)   Resol #mum (Real)
-2.5                  -1                 0.5             29.1702             50.9185
-2.5                  -1                   1             15.7346             40.2781
-2.5                  -1                   2             18.2262             16.3488
-2.5                  -1                   5             6.67529             6.10184
-2.5                  -1                  10             1.46204             2.14839
-2.5                  -1                  15             6.66939              6.2066
ePIC                                EICrecon                    
Etamin              Etamax         p (GeV/c) 	 Resol  #mum (Truth)   Resol #mum (Real)
-1                   1                 0.5             0.30716            0.243292
-1                   1                   1            0.384459            0.384459
-1                   1                   2             2.04609             2.06237
-1                   1                   5            0.159169            0.159169
-1                   1                  10             1.91093             1.95864
-1                   1                  15             2.10355             2.10355
ePIC                                EICrecon                    
Etamin              Etamax         p (GeV/c) 	 Resol  #mum (Truth)   Resol #mum (Real)
1                 2.5                 0.5             16.2182             3.66781
1                 2.5                   1              28.394             26.1975
1                 2.5                   2             8.46789             16.3226
1                 2.5                   5             5.70885             5.53773
1                 2.5                  10              3.6846              3.6846
1                 2.5                  15             17.8389             8.20841
ePIC                                EICrecon                    
Etamin              Etamax         p (GeV/c) 	 Resol  #mum (Truth)   Resol #mum (Real)
2.5                 3.5                 0.5                   0                   0
2.5                 3.5                   1             25.0043             25.0043
2.5                 3.5                   2             55.7122             52.7496
2.5                 3.5                   5             19.6802             47.2134
2.5                 3.5                  10             20.3909              24.161
2.5                 3.5                  15             34.8386             30.9662
ePIC                                EICrecon                    
Etamin              Etamax         p (GeV/c) 	 Resol  #mum (Truth)   Resol #mum (Real)
-3.5                -2.5                 0.5                   0                   0
-3.5                -2.5                0.75                   0                   0
-3.5                -2.5                   1               4.874             3.89004
-3.5                -2.5                1.25             2.56266             2.43224
-3.5                -2.5                1.75             3.24086             3.36286
-3.5                -2.5                   2             3.76242             3.89174
-3.5                -2.5                 2.5             4.07731             4.21571
-3.5                -2.5                   3             4.11917             4.43791
-3.5                -2.5                   4             4.32228             3.81225
-3.5                -2.5                   5             3.81335             4.12859
-3.5                -2.5                   7             4.65098             4.54661
-3.5                -2.5                 8.5              4.6493             4.82653
-3.5                -2.5                  10             5.14618             5.33888
-3.5                -2.5                12.5             5.97706              5.5949
-3.5                -2.5                  15             6.88468             6.16013
ePIC                                EICrecon                    
Etamin              Etamax         p (GeV/c) 	 Resol  #mum (Truth)   Resol #mum (Real)
-2.5                  -1                 0.5             1.06506              1.0067
-2.5                  -1                0.75             1.08736             1.07551
-2.5                  -1                   1             1.11307             1.11537
-2.5                  -1                1.25             1.11627             1.11834
-2.5                  -1                1.75             1.18102             1.16833
-2.5                  -1                   2             1.20673             1.20903
-2.5                  -1                 2.5             1.17733             1.17846
-2.5                  -1                   3             1.20908             1.22378
-2.5                  -1                   4             1.20937             1.21106
-2.5                  -1                   5             1.24956             1.22759
-2.5                  -1                   7             1.22351             1.24056
-2.5                  -1                 8.5             1.29952             1.27406
-2.5                  -1                  10              1.2951              1.2903
-2.5                  -1                12.5             1.34936             1.34561
-2.5                  -1                  15             1.39021             1.38309
ePIC                                EICrecon                    
Etamin              Etamax         p (GeV/c) 	 Resol  #mum (Truth)   Resol #mum (Real)
-1                   1                 0.5            0.416874            0.408541
-1                   1                0.75            0.447723              0.4347
-1                   1                   1            0.436002            0.435475
-1                   1                1.25            0.459134            0.455386
-1                   1                1.75            0.468576            0.464511
-1                   1                   2            0.472545            0.469493
-1                   1                 2.5            0.538278            0.536982
-1                   1                   3            0.557635            0.560236
-1                   1                   4            0.616822            0.615907
-1                   1                   5            0.676753            0.677985
-1                   1                   7            0.836374            0.834234
-1                   1                 8.5            0.908489            0.908213
-1                   1                  10             1.00484             1.02068
-1                   1                12.5             1.13092             1.12915
-1                   1                  15             1.31092             1.30951
ePIC                                EICrecon                    
Etamin              Etamax         p (GeV/c) 	 Resol  #mum (Truth)   Resol #mum (Real)
1                 2.5                 0.5             1.01991            0.984677
1                 2.5                0.75              1.1023             1.09314
1                 2.5                   1             1.19992             1.17889
1                 2.5                1.25             1.15997             1.16386
1                 2.5                1.75             1.17378             1.18345
1                 2.5                   2             1.14135             1.12999
1                 2.5                 2.5             1.24012             1.25042
1                 2.5                   3             1.16265             1.17862
1                 2.5                   4             1.17534             1.16685
1                 2.5                   5             1.18025             1.17562
1                 2.5                   7             1.21764             1.21608
1                 2.5                 8.5             1.26091             1.26334
1                 2.5                  10             1.23324             1.23898
1                 2.5                12.5             1.31304              1.3067
1                 2.5                  15             1.37247             1.36141
ePIC                                EICrecon                    
Etamin              Etamax         p (GeV/c) 	 Resol  #mum (Truth)   Resol #mum (Real)
2.5                 3.5                 0.5                   0                   0
2.5                 3.5                0.75                   0                   0
2.5                 3.5                   1             1.73352             2.00957
2.5                 3.5                1.25             2.23092             2.19362
2.5                 3.5                1.75             2.99507             2.90289
2.5                 3.5                   2              2.9511             3.00174
2.5                 3.5                 2.5             3.23677             3.49051
2.5                 3.5                   3             3.19796              3.4341
2.5                 3.5                   4             3.45513             3.61108
2.5                 3.5                   5             3.46361             3.34487
2.5                 3.5                   7              3.4493             3.38622
2.5                 3.5                 8.5             3.91503             3.68219
2.5                 3.5                  10             3.84074             3.94381
2.5                 3.5                12.5             4.03938             3.89878
2.5                 3.5                  15              4.0948             3.94755
ePIC                                EICrecon                    
Etamin              Etamax         p (GeV/c) 	 Resol  #mum (Truth)   Resol #mum (Real)
-3.5                -2.5                 0.5                   0                   0
-3.5                -2.5                0.75                   0                   0
-3.5                -2.5                   1               4.874             3.89004
-3.5                -2.5                1.25             2.56266             2.43224
-3.5                -2.5                1.75             3.24086             3.36286
-3.5                -2.5                   2             3.76242             3.89174
-3.5                -2.5                 2.5             4.07731             4.21571
-3.5                -2.5                   3             4.11917             4.43791
-3.5                -2.5                   4             4.32228             3.81225
-3.5                -2.5                   5             3.81335             4.12859
-3.5                -2.5                   7             4.65098             4.54661
-3.5                -2.5                 8.5              4.6493             4.82653
-3.5                -2.5                  10             5.14618             5.33888
-3.5                -2.5                12.5             5.97706              5.5949
-3.5                -2.5                  15             6.88468             6.16013
ePIC                                EICrecon                    
Etamin              Etamax         p (GeV/c) 	 Resol  #mum (Truth)   Resol #mum (Real)
-2.5                  -1                 0.5             1.06506              1.0067
-2.5                  -1                0.75             1.08736             1.07551
-2.5                  -1                   1             1.11307             1.11537
-2.5                  -1                1.25             1.11627             1.11834
-2.5                  -1                1.75             1.18102             1.16833
-2.5                  -1                   2             1.20673             1.20903
-2.5                  -1                 2.5             1.17733             1.17846
-2.5                  -1                   3             1.20908             1.22378
-2.5                  -1                   4             1.20937             1.21106
-2.5                  -1                   5             1.24956             1.22759
-2.5                  -1                   7             1.22351             1.24056
-2.5                  -1                 8.5             1.29952             1.27406
-2.5                  -1                  10              1.2951              1.2903
-2.5                  -1                12.5             1.34936             1.34561
-2.5                  -1                  15             1.39021             1.38309
ePIC                                EICrecon                    
Etamin              Etamax         p (GeV/c) 	 Resol  #mum (Truth)   Resol #mum (Real)
-1                   1                 0.5            0.416874            0.408541
-1                   1                0.75            0.447723              0.4347
-1                   1                   1            0.436002            0.435475
-1                   1                1.25            0.459134            0.455386
-1                   1                1.75            0.468576            0.464511
-1                   1                   2            0.472545            0.469493
-1                   1                 2.5            0.538278            0.536982
-1                   1                   3            0.557635            0.560236
-1                   1                   4            0.616822            0.615907
-1                   1                   5            0.676753            0.677985
-1                   1                   7            0.836374            0.834234
-1                   1                 8.5            0.908489            0.908213
-1                   1                  10             1.00484             1.02068
-1                   1                12.5             1.13092             1.12915
-1                   1                  15             1.31092             1.30951
ePIC                                EICrecon                    
Etamin              Etamax         p (GeV/c) 	 Resol  #mum (Truth)   Resol #mum (Real)
1                 2.5                 0.5             1.01991            0.984677
1                 2.5                0.75              1.1023             1.09314
1                 2.5                   1             1.19992             1.17889
1                 2.5                1.25             1.15997             1.16386
1                 2.5                1.75             1.17378             1.18345
1                 2.5                   2             1.14135             1.12999
1                 2.5                 2.5             1.24012             1.25042
1                 2.5                   3             1.16265             1.17862
1                 2.5                   4             1.17534             1.16685
1                 2.5                   5             1.18025             1.17562
1                 2.5                   7             1.21764             1.21608
1                 2.5                 8.5             1.26091             1.26334
1                 2.5                  10             1.23324             1.23898
1                 2.5                12.5             1.31304              1.3067
1                 2.5                  15             1.37247             1.36141
ePIC                                EICrecon                    
Etamin              Etamax         p (GeV/c) 	 Resol  #mum (Truth)   Resol #mum (Real)
2.5                 3.5                 0.5                   0                   0
2.5                 3.5                0.75                   0                   0
2.5                 3.5                   1             1.73352             2.00957
2.5                 3.5                1.25             2.23092             2.19362
2.5                 3.5                1.75             2.99507             2.90289
2.5                 3.5                   2              2.9511             3.00174
2.5                 3.5                 2.5             3.23677             3.49051
2.5                 3.5                   3             3.19796              3.4341
2.5                 3.5                   4             3.45513             3.61108
2.5                 3.5                   5             3.46361             3.34487
2.5                 3.5                   7              3.4493             3.38622
2.5                 3.5                 8.5             3.91503             3.68219
2.5                 3.5                  10             3.84074             3.94381
2.5                 3.5                12.5             4.03938             3.89878
2.5                 3.5                  15              4.0948             3.94755
ePIC                                EICrecon                    
Etamin              Etamax         p (GeV/c) 	 Resol  #mum (Truth)   Resol #mum (Real)
-3.5                -2.5                 0.5                   0                   0
-3.5                -2.5                0.75                   0                   0
-3.5                -2.5                   1             3.43059             2.64951
-3.5                -2.5                1.25             3.43756             3.38996
-3.5                -2.5                1.75              3.3377             3.39522
-3.5                -2.5                   2              3.8094             3.40099
-3.5                -2.5                 2.5             4.24499             3.87768
-3.5                -2.5                   3             4.21901             4.26093
-3.5                -2.5                   4             4.19251              4.2725
-3.5                -2.5                   5             3.86511             4.05575
-3.5                -2.5                   7             4.72359             4.60474
-3.5                -2.5                 8.5             5.59562             5.80187
-3.5                -2.5                  10             5.20236             5.33864
-3.5                -2.5                12.5             5.91024             5.71481
-3.5                -2.5                  15             6.71067              6.8723
ePIC                                EICrecon                    
Etamin              Etamax         p (GeV/c) 	 Resol  #mum (Truth)   Resol #mum (Real)
-2.5                  -1                 0.5             1.01093            0.888392
-2.5                  -1                0.75             1.09732             1.11793
-2.5                  -1                   1             1.21965             1.21757
-2.5                  -1                1.25             1.14518              1.1343
-2.5                  -1                1.75              1.1284             1.11833
-2.5                  -1                   2             1.14524             1.15253
-2.5                  -1                 2.5             1.23581             1.21777
-2.5                  -1                   3             1.19812             1.20114
-2.5                  -1                   4             1.23115             1.22586
-2.5                  -1                   5             1.25392             1.27146
-2.5                  -1                   7             1.27125             1.28756
-2.5                  -1                 8.5             1.27107             1.26095
-2.5                  -1                  10             1.28823             1.29695
-2.5                  -1                12.5             1.30966             1.31487
-2.5                  -1                  15             1.39004             1.42826
ePIC                                EICrecon                    
Etamin              Etamax         p (GeV/c) 	 Resol  #mum (Truth)   Resol #mum (Real)
-1                   1                 0.5            0.689916            0.665229
-1                   1                0.75            0.648534            0.646839
-1                   1                   1            0.689196            0.678969
-1                   1                1.25            0.667749            0.667439
-1                   1                1.75            0.697033            0.697184
-1                   1                   2            0.670157            0.671967
-1                   1                 2.5            0.697075            0.693976
-1                   1                   3            0.706502            0.703721
-1                   1                   4            0.737542            0.741552
-1                   1                   5            0.740436            0.740784
-1                   1                   7            0.821243            0.822022
-1                   1                 8.5            0.913083            0.910659
-1                   1                  10            0.962767             0.96574
-1                   1                12.5             1.05309             1.04449
-1                   1                  15             1.20765             1.20939
ePIC                                EICrecon                    
Etamin              Etamax         p (GeV/c) 	 Resol  #mum (Truth)   Resol #mum (Real)
1                 2.5                 0.5             1.04934            0.987206
1                 2.5                0.75             1.14739             1.15408
1                 2.5                   1             1.22715             1.22542
1                 2.5                1.25             1.21279             1.20997
1                 2.5                1.75             1.20611             1.20996
1                 2.5                   2             1.17601             1.17682
1                 2.5                 2.5             1.23658             1.23469
1                 2.5                   3             1.12704             1.10833
1                 2.5                   4             1.21744             1.20161
1                 2.5                   5             1.17411              1.2153
1                 2.5                   7             1.16617             1.18988
1                 2.5                 8.5             1.31742             1.26957
1                 2.5                  10             1.26392             1.25515
1                 2.5                12.5             1.27228             1.27126
1                 2.5                  15             1.36186             1.35496
ePIC                                EICrecon                    
Etamin              Etamax         p (GeV/c) 	 Resol  #mum (Truth)   Resol #mum (Real)
2.5                 3.5                 0.5                   0                   0
2.5                 3.5                0.75                   0                   0
2.5                 3.5                   1             2.95417             2.85946
2.5                 3.5                1.25              2.4376             2.25532
2.5                 3.5                1.75             2.92218             2.80563
2.5                 3.5                   2             2.88509             3.07829
2.5                 3.5                 2.5             3.40545             3.59776
2.5                 3.5                   3             3.19075             3.13486
2.5                 3.5                   4             3.37384             3.44129
2.5                 3.5                   5             3.34482             3.46885
2.5                 3.5                   7             3.64564              3.5594
2.5                 3.5                 8.5             3.60313             3.60433
2.5                 3.5                  10             3.79221             3.74018
2.5                 3.5                12.5             4.13376             4.04016
2.5                 3.5                  15             4.21882             4.14771
ePIC                                EICrecon                    
Etamin              Etamax         p (GeV/c) 	 Resol  #mum (Truth)   Resol #mum (Real)
-3.5                -2.5                 0.5                   0                   0
-3.5                -2.5                0.75                   0                   0
-3.5                -2.5                   1             3.13036             2.78092
-3.5                -2.5                1.25             2.98283             3.06952
-3.5                -2.5                1.75             3.39356             3.57704
-3.5                -2.5                   2             3.56544             3.53119
-3.5                -2.5                 2.5             4.35259             4.14454
-3.5                -2.5                   3             3.90049             3.75401
-3.5                -2.5                   4             3.68316             3.81297
-3.5                -2.5                   5             4.35916             4.34501
-3.5                -2.5                   7             4.62827             4.75283
-3.5                -2.5                 8.5             4.63669             4.34827
-3.5                -2.5                  10             5.62209             5.85924
-3.5                -2.5                12.5             5.99047             5.70414
-3.5                -2.5                  15             6.02019             6.79318
ePIC                                EICrecon                    
Etamin              Etamax         p (GeV/c) 	 Resol  #mum (Truth)   Resol #mum (Real)
-2.5                  -1                 0.5             0.95381            0.917994
-2.5                  -1                0.75             1.02435             1.03167
-2.5                  -1                   1             1.10942             1.08047
-2.5                  -1                1.25             1.14248               1.151
-2.5                  -1                1.75              1.1681             1.19146
-2.5                  -1                   2              1.1453             1.13555
-2.5                  -1                 2.5              1.1728             1.15714
-2.5                  -1                   3             1.13137             1.13379
-2.5                  -1                   4             1.16011             1.17424
-2.5                  -1                   5             1.16447             1.19844
-2.5                  -1                   7             1.24113             1.23465
-2.5                  -1                 8.5             1.23789             1.22628
-2.5                  -1                  10             1.20242             1.20934
-2.5                  -1                12.5             1.31082             1.33555
-2.5                  -1                  15             1.31102             1.31716
ePIC                                EICrecon                    
Etamin              Etamax         p (GeV/c) 	 Resol  #mum (Truth)   Resol #mum (Real)
-1                   1                 0.5            0.678759            0.662768
-1                   1                0.75            0.652491            0.640593
-1                   1                   1             0.65728            0.656593
-1                   1                1.25            0.632856             0.63063
-1                   1                1.75            0.645061             0.64345
-1                   1                   2            0.637845            0.635248
-1                   1                 2.5            0.652226            0.652631
-1                   1                   3            0.667685             0.66562
-1                   1                   4            0.672651            0.670868
-1                   1                   5            0.720146            0.710438
-1                   1                   7            0.827152            0.834162
-1                   1                 8.5            0.872285            0.872334
-1                   1                  10            0.937531            0.927096
-1                   1                12.5             1.13516             1.14103
-1                   1                  15             1.18625             1.18306
ePIC                                EICrecon                    
Etamin              Etamax         p (GeV/c) 	 Resol  #mum (Truth)   Resol #mum (Real)
1                 2.5                 0.5             1.02784             1.13143
1                 2.5                0.75             1.12837             1.13287
1                 2.5                   1             1.14357             1.15836
1                 2.5                1.25               1.123             1.11576
1                 2.5                1.75             1.15933             1.13975
1                 2.5                   2             1.12276             1.13774
1                 2.5                 2.5             1.13919             1.14004
1                 2.5                   3             1.16762             1.15261
1                 2.5                   4             1.15046             1.13802
1                 2.5                   5             1.20796             1.18753
1                 2.5                   7             1.16173             1.18434
1                 2.5                 8.5             1.20891             1.21222
1                 2.5                  10             1.14015             1.14039
1                 2.5                12.5             1.27032             1.29117
1                 2.5                  15             1.24712             1.25179
ePIC                                EICrecon                    
Etamin              Etamax         p (GeV/c) 	 Resol  #mum (Truth)   Resol #mum (Real)
2.5                 3.5                 0.5                   0                   0
2.5                 3.5                0.75                   0                   0
2.5                 3.5                   1             2.51217             2.25101
2.5                 3.5                1.25             2.33715             2.37636
2.5                 3.5                1.75             2.77705             2.70367
2.5                 3.5                   2             2.86993             3.01492
2.5                 3.5                 2.5             3.41091             3.24235
2.5                 3.5                   3             3.23754             3.20153
2.5                 3.5                   4             3.50815             3.49108
2.5                 3.5                   5             3.56839             3.53438
2.5                 3.5                   7             3.50864             3.23401
2.5                 3.5                 8.5             3.95106             3.66635
2.5                 3.5                  10             3.95895             3.84703
2.5                 3.5                12.5             3.99919             3.90981
2.5                 3.5                  15             4.00654             3.97871
